0	6.322511	-7.053705
4	22.309664	-21.298707
5	-2.940692	-2.894166
3	-8.106310	-11.553143
6	10.573315	-11.136160
6	8.395881	-4.860839
1	9.736527	5.757686
0	7.080359	-11.060317
1	12.090712	7.423454
5	0.608338	-11.467464
4	20.824269	-17.505842
2	12.652337	11.841234
3	-9.919759	-11.952587
2	14.791569	5.075958
3	-12.249310	-11.072175
5	-7.516513	-4.084601
6	7.128092	-8.834575
6	8.232900	-7.817253
1	1.476437	5.330400
4	25.251681	-21.867697
3	-6.218316	-12.050481
3	-9.172786	-13.519678
4	22.923093	-19.734638
1	9.704207	1.935451
6	8.462959	-3.962353
6	22.585177	-2.244838
4	20.612392	-22.051148
3	-6.126461	-10.222824
6	10.524837	-5.934041
5	-4.052950	-5.570401
4	25.883568	-21.054983
0	8.239868	-13.950110
1	11.767318	7.890686
3	-3.933839	-13.455566
4	17.674329	-20.662958
2	11.838333	10.369319
0	16.603922	-10.816771
5	5.656468	-5.666283
6	7.820543	-2.544862
4	21.176441	-24.024168
2	9.818008	16.247888
0	15.698729	-3.063545
1	8.750718	16.973340
1	7.910670	2.836074
0	12.149654	-10.515844
4	20.434333	-21.806434
3	0.060326	-7.245496
0	8.136072	-13.123096
3	-5.986672	-13.428283
6	4.623863	-10.538779
4	21.629417	-12.343616
3	1.679482	-12.090596
6	8.919598	-5.848745
3	-10.603359	-11.576554
6	11.329537	-7.543551
4	21.132377	-19.260181
0	10.256015	-10.049760
3	-2.711890	-15.345533
4	24.842816	-20.053764
2	8.350644	10.815480
0	16.214639	-6.549443
0	16.028686	-6.965174
3	-6.347417	-7.271804
2	12.710838	4.210435
5	-4.844564	-9.142758
4	24.951564	-21.395419
2	6.844978	3.050475
2	12.974708	4.275311
0	10.869369	-8.983139
0	8.252311	0.485914
0	7.599123	-5.251887
2	9.941755	11.679586
3	-7.438719	-8.007129
0	10.302097	-10.628379
2	11.139100	15.122957
4	25.300491	-22.145542
1	2.479201	11.270989
2	10.802801	1.764244
5	-6.658126	-3.046921
6	8.832922	-14.871260
0	14.171233	-6.131472
2	21.751139	12.257077
4	29.518016	-17.582974
3	-6.310556	-5.712566
0	18.250147	-7.320383
2	3.796693	15.809009
0	9.041064	-10.119894
4	22.127810	-19.107839
6	6.958303	-8.188526
5	0.936340	-9.742678
3	-3.324752	-10.598129
3	-3.993174	-6.817572
5	-0.243558	-1.439963
1	10.858495	8.348601
3	-1.645634	0.251198
1	3.214206	11.610730
3	-1.646713	-11.458645
3	-6.276333	-6.683707
5	-5.821900	-8.258063
2	13.983879	7.315025
2	3.054779	11.588342
6	12.754780	-13.495805
1	8.466011	11.500040
4	21.107244	-19.403593
3	-14.178596	0.056168
6	6.949290	-9.048982
6	5.371370	-7.469096
3	-6.903561	-5.946249
5	0.793627	-6.046270
1	11.847170	8.811308
4	18.871889	-19.692838
1	2.393898	13.268733
4	22.904995	-14.967064
6	11.428455	-7.019353
4	21.456227	-23.160754
2	15.945235	8.867948
4	19.626231	-22.161937
6	14.978146	-5.755955
6	6.711060	0.699695
6	10.684112	-2.825538
2	20.455030	8.551073
3	-13.959547	-7.371554
1	7.897312	8.067647
3	-7.177323	-8.522658
4	21.986315	-21.288878
5	-9.796913	-10.769200
6	9.557534	-5.240901
2	15.432227	10.917483
2	16.347293	14.630329
2	11.580751	11.858586
5	-3.694826	-9.283787
6	7.732702	-4.988938
1	2.778815	18.900224
3	-1.348639	-13.409739
0	6.635578	-24.657550
1	1.712172	9.168331
1	6.980130	12.937397
5	-2.942148	-11.047101
1	5.200951	3.787072
2	11.686554	12.604134
6	9.256312	-5.484900
0	7.317181	-12.852247
5	-1.756729	-8.440180
0	24.150433	-6.824822
5	-1.949100	-2.175467
1	1.677281	4.736157
3	-3.595386	-7.281394
2	20.648226	11.940382
1	11.790323	9.978994
1	8.356826	4.596944
2	18.612159	13.608896
4	20.516162	-16.977529
1	2.406577	5.632554
1	7.574182	2.947732
4	30.614855	-18.866854
0	15.184296	-5.159047
4	17.214080	-18.766604
6	4.133384	-6.942293
4	27.062967	-27.453817
4	23.239285	-17.504135
2	15.515971	17.267666
6	3.170041	-2.754302
6	5.761206	-4.072215
0	12.309972	-2.338930
6	12.296540	-6.486460
6	11.896907	-16.141214
2	18.656591	14.917568
0	14.326973	-8.163378
1	8.354810	5.726528
1	14.918816	3.974186
3	-8.007546	-5.869436
6	10.938605	-13.153970
1	-5.652488	13.886240
0	17.478560	-9.646191
3	-10.112303	0.454079
2	10.871427	11.399078
5	-3.693742	-6.168637
5	-7.488090	-4.984605
6	7.294818	-6.553582
1	21.472758	17.898995
6	9.445115	-8.693547
5	-3.360768	-2.417865
4	30.897348	-13.739420
5	-3.545016	-9.444997
5	-6.548009	-9.612058
3	-4.046276	-11.764584
1	2.739987	9.013625
3	-9.297121	-14.121344
1	3.538035	5.749523
6	9.129237	-6.199700
6	15.478505	-12.482173
2	16.764208	17.291988
3	-12.255288	-11.588116
0	12.118655	-3.789079
4	23.763548	-21.113439
3	-2.965746	-1.273865
3	-6.205677	-6.381444
2	14.736973	14.864098
5	1.218425	-7.205262
6	13.406181	-8.946630
3	-3.920756	-13.990329
5	-8.163926	-8.282731
1	-0.961136	8.512081
0	10.552559	-5.062029
0	8.794019	-1.468348
1	1.166284	12.692601
3	-7.953999	-11.982357
1	3.870812	6.838229
4	21.653669	-16.684195
3	-0.128066	-10.696029
3	-5.141303	-8.316767
6	12.777257	-6.823661
2	9.810914	9.478735
4	31.545794	-23.699096
0	11.085628	-14.817917
4	22.862326	-19.599375
6	6.458958	-7.718544
2	10.288608	9.120220
5	-3.428700	-2.806982
4	28.252555	-17.957487
2	15.821692	11.125017
2	10.521942	14.137423
3	-2.721307	-12.932635
4	21.447315	-18.896671
4	26.299934	-25.961576
3	-0.168375	-11.242379
6	15.982040	-9.030099
1	6.348474	9.438735
1	7.927244	13.207952
6	15.889265	-7.458148
1	9.089143	7.719444
5	-4.780295	-4.810281
0	16.310469	-2.575299
6	8.102897	-10.272963
6	5.825437	-5.291447
3	-8.431897	-12.057043
1	9.632132	12.538056
2	14.044657	13.854671
3	-6.199048	-8.698538
4	23.556214	-13.772378
4	24.504765	-23.068585
5	-3.841880	-8.337014
4	21.595822	-15.927454
4	26.330776	-13.875528
6	16.876382	-3.752918
5	-3.662020	-8.136504
5	-6.458667	-9.302733
1	7.262029	16.208037
4	20.574200	-22.634452
6	9.548352	-3.775195
4	30.036661	-21.844084
4	25.096058	-20.172986
0	10.009221	-5.261631
0	15.830198	1.266908
5	-5.334055	-13.902059
2	17.435055	11.120763
3	-11.379830	-12.099261
2	15.594873	9.954928
4	31.621745	-24.459927
2	9.084764	5.627330
5	-7.294345	-6.943012
2	15.082315	6.969389
0	10.544902	-4.542555
5	-4.542422	-7.356242
2	10.136556	10.473743
4	18.891463	-14.993724
5	1.192796	-13.339210
0	10.355134	-9.849482
0	11.161241	-15.680795
0	7.227034	-6.956164
0	19.892602	-1.947944
3	-6.444998	-13.887423
2	10.176947	1.536150
0	13.203566	-12.452693
4	27.442906	-10.689509
2	13.581072	7.754416
5	-0.436507	-8.104612
3	-13.549235	-6.094890
1	15.740268	5.319234
3	-14.567787	-8.524237
0	12.466163	-15.229112
2	9.737712	14.607570
2	17.627016	12.201338
4	21.396689	-22.083819
5	-7.715779	-11.180200
3	-11.005822	-22.134378
6	16.685767	-14.356614
0	13.826186	-3.466220
2	14.774165	14.948916
4	20.870421	-18.646956
3	-7.788072	-10.722483
0	9.329282	-8.968649
1	9.552019	12.002047
5	-4.937242	-6.764876
0	18.079857	-10.086558
4	27.408421	-26.753003
4	27.726713	-18.540124
2	12.493518	4.979490
1	12.030756	9.202209
5	-6.038057	-15.071883
6	3.778442	-8.370051
5	-2.333068	-9.736699
5	-0.970277	-3.779307
5	-4.002286	-7.085948
3	-16.043578	-9.520315
4	20.911124	-18.862393
6	9.600015	-9.292067
1	5.135707	11.010071
2	10.363128	14.650566
1	3.868470	12.146317
2	9.994264	13.728620
0	13.995086	-7.721139
1	8.847770	9.674256
0	19.770212	-8.796228
3	-7.386505	-11.184972
2	13.340427	11.926220
2	14.198224	17.389583
0	17.849900	-3.865087
6	8.918716	-9.841109
4	31.870338	-16.248018
6	16.333787	-4.979213
6	6.561079	-3.329716
4	28.094019	-25.021980
4	15.417534	-17.838049
2	8.007644	9.599923
6	11.822825	-5.824884
1	10.451948	10.799613
5	-5.688230	-16.449024
4	32.522521	-20.806935
0	14.133030	-6.572893
1	8.682347	3.422898
5	-2.316219	-1.693292
2	5.638675	11.797413
5	-4.640806	-17.593528
3	-1.234696	-7.969021
2	16.424377	12.905182
4	26.703601	-20.130626
2	16.551737	14.508933
5	-5.377692	-13.971076
2	10.516959	7.712355
2	15.254752	6.747511
0	13.405846	-8.342916
2	12.757753	5.125753
6	6.734637	-6.912765
5	-14.171892	-11.030598
4	21.055859	-16.743460
4	28.811035	-18.834020
1	6.075566	11.677894
1	12.876497	10.729055
3	-6.091478	-8.516311
2	3.752512	10.034745
6	13.797087	0.389439
2	8.273445	8.002954
3	-3.475870	-5.733472
4	18.943785	-16.470498
1	8.657365	6.070712
6	11.111420	-7.747088
3	-12.550860	-7.103533
2	9.701189	12.880290
4	17.813788	-16.511654
4	21.649120	-15.324504
0	15.664268	-9.992260
4	23.740358	-14.112152
5	-1.205629	-13.760447
0	6.923992	-0.408782
4	29.402929	-19.831573
1	6.777708	13.290674
3	-8.696629	0.890896
6	10.260678	-3.809941
5	1.787805	-4.769282
3	-3.193220	-10.159070
5	2.358146	-10.348621
2	11.829155	7.649220
3	-5.692497	-9.247934
2	21.509284	9.386384
1	15.836677	13.825309
2	20.351092	14.647752
2	7.720314	8.395000
3	-9.131809	-12.804749
4	29.060924	-17.725495
3	-4.024444	0.916998
1	8.161947	5.955947
0	19.095200	-6.726345
6	13.403029	-10.949621
5	-5.007529	-1.819150
3	-16.424561	-12.386182
3	-7.228096	-4.233885
1	5.569390	8.085519
4	17.381322	-24.537140
1	10.929094	11.776197
3	-16.007971	-17.524951
3	-10.561845	-12.889498
1	6.494866	13.574370
1	12.754656	5.447082
6	6.345593	-8.245540
2	1.095174	5.013448
5	-1.577252	-9.605557
1	9.071402	9.916628
2	13.751557	10.278869
2	10.929158	8.357503
4	20.475487	-27.586093
0	14.588401	-4.248995
2	9.214283	10.723526
3	-4.328720	-11.213301
2	7.935238	6.803300
3	-9.969599	-2.337636
4	25.700473	-18.114894
3	-7.991882	-15.500073
5	-0.056947	1.100849
0	12.363596	-17.246104
3	-8.753612	-10.788506
6	9.553564	-3.142932
5	-3.900097	-1.592357
6	7.850490	-4.390718
0	13.468944	-13.032339
4	18.704983	-18.280688
3	-6.641675	-6.475923
2	13.167885	12.665040
5	-4.404763	-10.942741
4	26.871980	-18.392541
0	7.298393	-9.664804
2	11.738574	19.267985
2	14.538220	8.907208
3	-10.912509	-17.168466
2	16.400788	10.564559
5	-3.882576	-13.444740
4	21.047245	-16.801174
6	15.043536	-13.023617
1	12.892673	10.703678
5	0.725151	-1.326658
6	13.620746	-5.554377
4	26.432760	-10.046923
2	19.210813	6.729950
3	-6.459477	-14.989059
2	10.201774	10.041286
5	5.103531	-7.220055
4	19.913126	-11.354151
2	14.222677	9.605827
3	-3.536824	-14.005423
2	8.456128	16.534136
6	9.354827	-5.660992
2	9.559262	13.096984
4	30.311311	-17.366471
2	12.102215	17.028670
6	8.310301	-0.935573
2	13.866977	14.091374
0	14.439123	-5.541674
6	5.394890	-5.417398
0	16.674633	-12.506313
0	11.005109	-8.095036
6	10.877703	-12.332741
5	-7.288203	-7.581124
1	9.807109	8.898033
4	24.217538	-20.490221
3	-1.371541	-7.499465
3	-3.170074	-8.454341
5	1.905958	-7.909007
5	-7.136603	-7.958858
5	2.540447	-2.704435
1	7.701304	10.792554
6	4.229281	-7.863142
0	14.264178	-8.715091
4	20.701166	-16.999812
6	7.115358	-7.978851
1	7.527419	12.519345
4	28.446081	-18.967770
6	11.627954	-7.534405
4	28.467660	-15.500583
4	18.833344	-16.429352
6	11.598759	-10.516227
2	9.264150	7.583138
0	14.788104	-12.873236
2	18.631480	13.693372
0	11.611790	-2.813260
5	-3.974427	-9.424795
5	-2.835693	-7.650272
2	12.644815	1.491200
6	13.040076	-10.055616
3	-9.159952	-15.183248
0	11.510227	-11.366802
5	-3.373819	-8.204898
2	9.105410	10.207995
1	10.253313	2.451292
2	12.675590	11.791016
4	28.278173	-15.769503
4	20.883443	-17.359488
2	14.267212	9.342839
1	8.288410	6.223994
3	-9.118190	-8.517516
2	20.911608	15.591783
2	15.741940	10.169768
0	8.952590	-2.703294
3	-7.480709	-16.001644
2	9.928095	7.410061
4	27.130357	-17.709306
5	-3.516712	-10.894371
6	17.741647	-11.447564
6	7.609198	-9.198737
5	-0.765566	-1.608136
0	10.510623	-8.547430
